	384	768	1152	1536	1920	2304	2688	3072	3456	3840	4224	4608	4992	5376	5760
1	0.000599817	0.136269	0.126238	0.168589	0.179316	0.183241	0.183923	0.174526	0.160152	0.139297	0.120941	0.0948097	0.0770985	0.0507049	0.0299146
2	0.130451	0.246295	0.184099	0.0297335	0.079356	0.134188	0.157541	0.160656	0.172153	0.194948	0.178928	0.199504	0.221388	0.255121	0.343745
3	0.12252	0.0565808	0.147434	0.161469	0.0180217	0.0530611	0.11987	0.142925	0.200614	0.247578	0.205538	0.217762	0.294727	0.357603	0.413995
4	0.150844	0.076197	0.00805202	0.0165248	0.0502124	0.0388929	0.0810765	0.0866726	0.141589	0.188933	0.252569	0.277454	0.349875	0.408099	0.437091
5	0.146817	0.120387	0.128379	0.0915199	0.0958282	0.0765931	0.0561082	0.0686039	0.150491	0.190403	0.276429	0.29353	0.327435	0.35042	0.37341
6	0.158702	0.131693	0.198423	0.167457	0.174179	0.148474	0.0622389	0.0382946	0.0910382	0.180815	0.21273	0.23572	0.258705	0.281695	0.304685
7	0.105544	0.156306	0.208158	0.19715	0.219432	0.166478	0.16022	0.158639	0.153515	0.121015	0.144005	0.16699	0.18998	0.21297	0.23596
8	0.0483162	0.181752	0.24519	0.277203	0.261382	0.287502	0.306881	0.26526	0.214265	0.163265	0.11227	0.098265	0.121255	0.144245	0.16723
9	0.000107983	0.211828	0.301297	0.387512	0.405885	0.419591	0.377005	0.32601	0.27501	0.224015	0.17302	0.12202	0.071025	0.075515	0.098505
10	0.0134062	0.348893	0.461403	0.502429	0.508414	0.48875	0.437755	0.38676	0.33576	0.284765	0.233765	0.18277	0.131775	0.080775	0.02978
#Average error: 0.190766
